version https://git-lfs.github.com/spec/v1
oid sha256:766cf5f68ae92fc30c01926a7bb9778cd6094b9e83d2cf066aa38aca4d9fff9b
size 847
